7
3
6
18
14
7
9
0
3
8
8
2
25
21
2
2
3
18
0
18
0
6
3
0
0
5
16
13
8
15
23
16
3
1
7
2
0
6
3
9
6
9
3
0
38
4
6
5
1
5
8
10
11
0
3
1
22
2
0
5
2
0
3
0
22
1
3
19
1
2
11
8
0
8
20
5
6
10
3
10
12
62
2
23
0
0
6
6
6
9
6
19
18
37
12
6
1
14
1
0
12
3
20
9
13
16
26
3
6
22
12
2
0
5
10
11
0
30
6
4
8
2
14
10
11
0
0
8
0
12
7
3
12
13
20
4
25
4
23
5
0
23
2
8
14
6
5
5
23
28
11
5
12
1
0
9
2
5
19
10
3
3
22
7
1
5
1
38
12
8
23
4
7
7
2
1
39
10
14
2
8
20
27
5
4
7
13
3
5
9
7
11
7
5
1
6
8
10
4
3
5
0
24
3
4
33
6
4
5
1
1
25
3
24
3
19
3
6
3
4
1
8
1
15
23
0
2
17
18
1
11
2
0
18
6
2
14
4
4
5
5
9
5
0
10
6
4
14
7
2
1
17
16
11
1
9
16
6
2
4
0
5
30
3
10
0
1
8
1
1
3
20
0
6
2
7
11
15
0
13
15
1
8
1
6
1
0
0
1
7
2
5
5
14
11
0
5
7
9
6
13
26
7
7
9
12
7
5
2
16
1
4
2
29
1
1
5
0
20
25
0
1
1
6
13
0
3
4
5
0
49
36
7
11
6
8
17
1
0
6
16
25
8
2
2
0
1
17
33
16
22
0
4
13
0
5
8
3
15
2
19
7
31
2
2
12
3
10
6
2
0
0
2
11
9
8
10
4
1
13
1
9
1
1
6
10
23
26
39
15
12
42
2
1
8
0
42
3
6
18
2
5
32
11
1
0
7
0
0
0
1
31
11
0
4
5
0
9
0
28
4
1
1
6
3
1
13
10
21
39
3
0
21
0
1
27
8
6
4
10
28
15
5
6
12
1
22
12
3
8
1
13
3
8
9
3
10
27
9
15
2
0
2
5
22
11
6
10
6
19
2
0
6
9
0
3
4
3
8
0
14
8
18
6
5
0
0
16
23
4
20
5
15
3
26
1
7
1
8
3
25
11
1
1
2
4
26
0
9
8
4
8
36
6
1
0
1
8
2
1
12
0
10
7
9
2
2
6
20
9
0
8
1
0
1
2
5
7
2
2
2
18
6
7
73
7
5
12
0
13
3
10
23
4
9
0
8
0
13
14
3
6
21
3
5
10
19
0
0
2
0
18
16
10
4
30
10
20
20
0
3
4
4
30
5
11
8
20
0
14
7
2
7
8
36
10
5
15
5
4
22
6
21
11
2
17
0
23
0
6
4
33
5
9
0
17
0
1
16
5
6
9
0
3
9
19
8
9
16
24
11
20
0
13
8
0
2
3
0
0
4
7
4
12
7
11
13
55
46
19
20
7
5
6
9
11
2
9
24
14
6
14
6
13
5
42
5
2
5
35
0
18
10
5
14
8
3
13
1
3
4
1
1
11
11
23
12
13
15
5
1
14
5
36
17
23
2
0
36
6
13
8
4
4
4
0
8
15
13
8
17
0
18
3
7
6
9
1
0
4
1
3
0
6
14
0
2
5
3
20
0
44
4
15
2
37
4
3
5
2
11
1
5
2
21
4
7
27
0
13
13
1
16
10
10
15
10
20
0
13
9
2
20
5
9
2
12
20
6
6
2
5
9
20
4
44
7
0
1
20
19
1
15
12
10
13
2
11
1
23
8
10
2
2
3
0
21
5
1
32
4
5
5
3
22
11
7
4
1
4
0
13
1
5
12
14
4
10
4
35
1
30
14
2
3
48
1
10
15
4
8
3
13
27
2
5
11
6
1
3
5
18
4
3
1
29
13
3
16
7
10
17
1
7
7
5
25
15
6
5
29
1
5
10
4
30
2
20
16
7
26
21
19
0
0
17
18
16
18
0
0
0
5
11
10
32
3
16
4
15
18
8
27
2
13
4
16
29
12
2
0
3
7
0
12
23
11
8
3
0
69
12
9
1
9
13
0
7
5
14
5
2
6
26
10
6
38
4
4
4
17
0
46
3
37
0
1
6
12
13
9
37
14
27
7
10
10
0
15
1
0
27
16
0
5
10
7
9
6
13
2
12
2
16
1
16
0
0
5
0
6
1
1
9
0
3
5
2
1
1
3
5
2
24
18
2
6
3
15
6
2
1
2
18
3
11
4
6
1
1
